1 -0.090134 -0.0456569
2 -0.0498971 0.00257948
3 -0.0725369 -0.0326665
4 -0.0593971 -0.0067763
5 0.0749335 0.0823108
6 0.0391429 -0.0210437
7 0.0287434 -0.0012799
8 -0.0989577 -0.0879139
9 -0.144324 -0.0850472
10 -0.0748695 0.0390464
11 -0.034006 0.00710979
12 -0.0397281 -0.0181891
13 -0.130008 -0.0810354
14 -0.229034 -0.159491
15 -0.0739951 0.115596
16 0.0482228 0.0678309
17 0.0708481 0.0400612
18 0.129384 0.0638849
19 0.190296 0.110848
20 0.195807 0.0628543
21 0.206514 0.0663801
22 0.201351 0.0555874
23 0.183138 0.0385809
24 0.150627 0.03092
25 0.100825 -0.0141015
26 0.0767571 0.00192339
27 0.019364 -0.0194178
28 -0.0184753 -0.0390184
29 0.00230047 0.0199705
30 0.115908 0.0867332
31 0.164855 0.0945264
32 0.135104 0.0149228
33 0.153825 0.0560774
34 0.141667 0.0332192
35 0.158688 0.0647617
36 0.18437 0.0691089
37 0.0493268 -0.104445
38 -0.0108557 -0.0551372
39 -0.0292695 -0.0148476
40 -0.0535656 -0.0357757
41 -0.125103 -0.0998911
42 -0.189301 -0.112754
43 -0.193067 -0.0582245
44 -0.184666 -0.0466527
45 -0.186813 -0.0569951
46 -0.147772 -0.0261067
47 -0.0939912 0.020758
48 -0.0533589 0.0210555
49 -0.028586 0.0141824
50 -0.0054186 0.0196818
51 0.0124693 0.0122744
52 0.0254322 0.0198084
53 0.0312707 0.0151824
54 0.0315054 0.0102439
55 0.0239506 0.00441941
56 0.0145778 -0.00341228
57 0.0188853 0.010213
58 0.0458021 0.0386867
59 0.00596454 -0.0154034
60 -0.0133569 -0.0206769
61 -0.0157306 -0.00615339
62 -0.00469034 0.00922617
63 0.0156858 0.0146065
64 0.0318509 0.0248704
65 0.126873 0.124488
66 0.166346 0.086518
67 0.173721 0.0569066
68 0.1543 0.0304521
69 0.124189 0.0119338
70 0.086506 -0.00608974
71 0.0507698 -0.015003
72 0.0195476 -0.00621411
73 -0.000405993 -0.0161088
74 -0.0127932 -0.0130294
75 -0.0199212 -0.0104564
76 -0.0206317 -0.00461943
77 -0.018073 -0.0012491
78 -0.0142194 0.00105669
79 -0.00955024 0.00318092
80 -0.00425674 0.00532621
81 0.000949055 0.0044685
82 0.00287739 0.00444306
