1 0.060645 0.00859876 0
2 2.99985 0 0.660503
3 0.351001 0 0.0190417
4 -0.243103 0.0705905 0
5 2.99924 0 0.667088
6 1.39707 0 0.21786
7 1.08775 0 0.207819
8 2.2927 0 0.48574
9 1.1155 0 0.179224
10 1.62912 0 0.349744
11 1.75751 0 0.357796
12 1.27677 0 0.239979
13 1.71201 0 0.355304
14 1.65213 0 0.332393
15 1.33984 0 0.259973
16 1.70604 0 0.353369
17 1.58384 0 0.316876
18 1.39914 0 0.28141
19 1.61934 0 0.338115
20 1.54585 0 0.311821
21 1.45632 0 0.295358
22 1.59034 0 0.329471
23 1.51133 0 0.305298
24 1.50435 0 0.307225
25 1.57338 0 0.32409
26 1.50914 0 0.306062
27 1.52538 0 0.312508
28 1.5526 0 0.318873
29 1.5087 0 0.307399
30 1.52864 0 0.313846
31 1.54127 0 0.316634
32 1.51002 0 0.308779
33 1.53256 0 0.315295
34 1.53183 0 0.314822
35 1.5093 0 0.309595
36 1.52994 0 0.315342
37 1.52618 0 0.314181
38 1.51136 0 0.310924
39 1.52442 0 0.314694
40 1.52255 0 0.314138
41 1.51079 0 0.311541
42 1.52109 0 0.314635
43 1.5168 0 0.313583
44 1.51064 0 0.312342
45 1.51934 0 0.314827
46 1.51332 0 0.313459
47 1.50958 0 0.312831
48 1.51661 0 0.314822
49 1.50956 0 0.312998
50 1.51027 0 0.313601
51 1.51362 0 0.314612
52 1.50754 0 0.313237
53 1.5086 0 0.313886
54 1.50997 0 0.314324
55 1.50616 0 0.313731
56 1.50586 0 0.313887
57 2.74221 0 0.610897
58 2.49428 0 0.502189
59 2.77966 0 0.575445
60 2.71426 0 0.554314
61 2.93945 0 0.611269
62 2.91797 0 0.597397
63 2.77141 0 0.566568
64 2.75919 0 0.566843
65 2.75241 0 0.565979
66 2.85821 0 0.591929
67 2.88344 0 0.593824
68 2.79686 0 0.57282
69 2.84999 0 0.589319
70 2.91417 0 0.602888
71 2.79354 0 0.57165
72 2.7711 0 0.572091
73 2.85037 0 0.59185
74 2.92255 0 0.606296
75 2.78735 0 0.571238
76 2.89402 0 0.600694
77 2.73766 0 0.561307
78 2.91115 0 0.60949
79 2.75495 0 0.565339
80 2.88457 0 0.602982
81 2.90848 0 0.60364
82 2.91426 0 0.60484
